
 NPM(K)    PM(M)      WS(M)     CPU(s)      Id  SI ProcessName
 ------    -----      -----     ------      --  -- -----------
    101   162,86     322,61     225,20   15232  12 browser
     64   407,71     268,79     193,77   11244  12 browser
     42   156,66     248,98     173,52   20096  12 browser
     32    81,22     157,09      67,33   14212  12 browser
    139   182,08     327,60      57,89   20604  12 explorer
     65   403,51     419,90      55,73    5128  12 Telegram
     32    72,25     145,50      35,75   17672  12 browser
     60    22,32      57,76      31,41   12784  12 browser
     51    46,13     155,50      29,83   21836  12 steamwebhelper
     58   155,21     224,56      27,05    4416  12 browser

